2023-11-04 23:28:49.989020 [erro]: MySQL Error
2023-11-04 23:29:20.587348 [erro]: MySQL Error
2023-11-04 23:29:44.896799 [erro]: MySQL Error
2023-11-04 23:31:40.304490 [erro]: MySQL Error
2023-11-04 23:32:42.654172 [erro]: MySQL Error
2023-11-04 23:33:37.376355 [info]: timer tick
2023-11-04 23:33:42.376412 [info]: timer tick
2023-11-04 23:33:47.376477 [info]: timer tick
2023-11-04 23:33:52.376542 [info]: timer tick
2023-11-04 23:33:57.376610 [info]: timer tick
2023-11-04 23:34:02.376679 [info]: timer tick
2023-11-04 23:34:07.376744 [info]: timer tick
2023-11-04 23:34:12.376797 [info]: timer tick
2023-11-04 23:34:17.376851 [info]: timer tick
2023-11-04 23:34:22.376908 [info]: timer tick
2023-11-04 23:34:27.376964 [info]: timer tick
2023-11-04 23:34:32.377004 [info]: timer tick
2023-11-04 23:34:37.377057 [info]: timer tick
2023-11-04 23:34:42.377099 [info]: timer tick
2023-11-04 23:34:47.377153 [info]: timer tick
2023-11-04 23:34:52.377193 [info]: timer tick
2023-11-04 23:34:57.377250 [info]: timer tick
2023-11-04 23:35:02.377312 [info]: timer tick
2023-11-04 23:35:07.377373 [info]: timer tick
2023-11-04 23:35:12.377412 [info]: timer tick
2023-11-04 23:35:17.377464 [info]: timer tick
2023-11-04 23:35:22.377517 [info]: timer tick
2023-11-04 23:35:27.377574 [info]: timer tick
2023-11-04 23:35:32.377616 [info]: timer tick
2023-11-04 23:35:37.377667 [info]: timer tick
2023-11-04 23:35:42.377712 [info]: timer tick
2023-11-04 23:35:47.377766 [info]: timer tick
2023-11-04 23:35:52.377818 [info]: timer tick
2023-11-04 23:35:57.377943 [info]: timer tick
2023-11-04 23:36:02.378001 [info]: timer tick
2023-11-04 23:36:07.378053 [info]: timer tick
2023-11-04 23:36:12.378088 [info]: timer tick
2023-11-04 23:36:17.378132 [info]: timer tick
2023-11-04 23:36:22.378166 [info]: timer tick
2023-11-04 23:36:27.378210 [info]: timer tick
2023-11-04 23:36:32.378236 [info]: timer tick
2023-11-04 23:36:37.378290 [info]: timer tick
2023-11-04 23:36:42.378318 [info]: timer tick
2023-11-04 23:36:47.378353 [info]: timer tick
2023-11-04 23:36:52.378405 [info]: timer tick
2023-11-04 23:36:57.378462 [info]: timer tick
2023-11-04 23:37:02.378536 [info]: timer tick
2023-11-04 23:37:07.378601 [info]: timer tick
2023-11-04 23:37:12.378640 [info]: timer tick
2023-11-04 23:37:17.378696 [info]: timer tick
2023-11-04 23:37:22.378758 [info]: timer tick
2023-11-04 23:37:27.378820 [info]: timer tick
2023-11-04 23:37:32.378875 [info]: timer tick
2023-11-04 23:37:37.378942 [info]: timer tick
2023-11-04 23:37:42.379002 [info]: timer tick
2023-11-04 23:37:47.379066 [info]: timer tick
2023-11-04 23:37:52.379127 [info]: timer tick
2023-11-04 23:37:57.379189 [info]: timer tick
2023-11-04 23:38:02.379252 [info]: timer tick
2023-11-04 23:38:07.379319 [info]: timer tick
2023-11-04 23:38:12.379374 [info]: timer tick
2023-11-04 23:38:17.379436 [info]: timer tick
2023-11-04 23:38:22.379490 [info]: timer tick
2023-11-04 23:38:27.379549 [info]: timer tick
2023-11-04 23:38:32.379581 [info]: timer tick
2023-11-04 23:38:37.379640 [info]: timer tick
2023-11-04 23:38:42.379711 [info]: timer tick
2023-11-04 23:38:47.379769 [info]: timer tick
2023-11-04 23:38:52.379823 [info]: timer tick
2023-11-04 23:38:57.379881 [info]: timer tick
2023-11-04 23:39:02.379936 [info]: timer tick
2023-11-04 23:39:07.380001 [info]: timer tick
2023-11-04 23:39:12.380040 [info]: timer tick
2023-11-04 23:39:17.380098 [info]: timer tick
2023-11-04 23:39:22.380141 [info]: timer tick
2023-11-04 23:39:27.380198 [info]: timer tick
2023-11-04 23:39:32.380264 [info]: timer tick
2023-11-04 23:39:37.380334 [info]: timer tick
2023-11-04 23:39:42.380416 [info]: timer tick
2023-11-04 23:39:47.380505 [info]: timer tick
2023-11-04 23:39:52.380576 [info]: timer tick
2023-11-04 23:39:57.380649 [info]: timer tick
2023-11-04 23:40:02.380721 [info]: timer tick
2023-11-04 23:40:07.380783 [info]: timer tick
2023-11-04 23:40:12.380858 [info]: timer tick
2023-11-04 23:40:17.380920 [info]: timer tick
2023-11-04 23:40:22.380992 [info]: timer tick
2023-11-04 23:40:27.381048 [info]: timer tick
2023-11-04 23:40:32.381129 [info]: timer tick
2023-11-04 23:40:37.381196 [info]: timer tick
2023-11-04 23:40:42.381267 [info]: timer tick
2023-11-04 23:40:47.381333 [info]: timer tick
2023-11-04 23:40:52.381415 [info]: timer tick
2023-11-04 23:40:57.381447 [info]: timer tick
2023-11-04 23:41:02.381516 [info]: timer tick
2023-11-04 23:41:07.381568 [info]: timer tick
2023-11-04 23:41:12.381617 [info]: timer tick
2023-11-04 23:41:17.381673 [info]: timer tick
2023-11-04 23:41:22.381705 [info]: timer tick
2023-11-04 23:41:22.438058 [info]: deal with the client(192.168.2.220)
2023-11-04 23:41:22.438110 [info]: adjust timer once
2023-11-04 23:41:22.438183 [info]: 所有信息:GET / HTTP/1.1
Host: 7x42u25400.imdo.co
User-Agent: Mozilla/5.0 (X11; Ubuntu; Linux x86_64; rv:109.0) Gecko/20100101 Firefox/118.0
Accept: text/html,application/xhtml+xml,application/xml;q=0.9,image/avif,image/webp,*/*;q=0.8
Accept-Language: zh-CN,zh;q=0.8,zh-TW;q=0.7,zh-HK;q=0.5,en-US;q=0.3,en;q=0.2
Accept-Encoding: gzip, deflate, br
Connection: keep-alive
Referer: https://console.hsk.oray.com/
Upgrade-Insecure-Requests: 1
Sec-Fetch-Dest: document
Sec-Fetch-Mode: navigate
Sec-Fetch-Site: cross-site
Sec-Fetch-User: ?1


2023-11-04 23:41:22.438238 [info]: 检查状态:(null)
2023-11-04 23:41:22.438253 [info]: 读取后状态GET / HTTP/1.1
2023-11-04 23:41:22.438266 [info]: CHECK STATE:GET / HTTP/1.1
2023-11-04 23:41:22.438280 [info]: 检查状态:GET
2023-11-04 23:41:22.438291 [info]: 读取后状态Host: 7x42u25400.imdo.co
2023-11-04 23:41:22.438302 [info]: CHECK HEADER:Host: 7x42u25400.imdo.co
2023-11-04 23:41:22.438315 [info]: 检查状态:Host: 7x42u25400.imdo.co
2023-11-04 23:41:22.438325 [info]: 读取后状态User-Agent: Mozilla/5.0 (X11; Ubuntu; Linux x86_64; rv:109.0) Gecko/20100101 Firefox/118.0
2023-11-04 23:41:22.438337 [info]: CHECK HEADER:User-Agent: Mozilla/5.0 (X11; Ubuntu; Linux x86_64; rv:109.0) Gecko/20100101 Firefox/118.0
2023-11-04 23:41:22.438348 [info]: oop!unknow header: User-Agent: Mozilla/5.0 (X11; Ubuntu; Linux x86_64; rv:109.0) Gecko/20100101 Firefox/118.0
2023-11-04 23:41:22.438360 [info]: 检查状态:User-Agent: Mozilla/5.0 (X11; Ubuntu; Linux x86_64; rv:109.0) Gecko/20100101 Firefox/118.0
2023-11-04 23:41:22.438371 [info]: 读取后状态Accept: text/html,application/xhtml+xml,application/xml;q=0.9,image/avif,image/webp,*/*;q=0.8
2023-11-04 23:41:22.438382 [info]: CHECK HEADER:Accept: text/html,application/xhtml+xml,application/xml;q=0.9,image/avif,image/webp,*/*;q=0.8
2023-11-04 23:41:22.438392 [info]: oop!unknow header: Accept: text/html,application/xhtml+xml,application/xml;q=0.9,image/avif,image/webp,*/*;q=0.8
2023-11-04 23:41:22.438404 [info]: 检查状态:Accept: text/html,application/xhtml+xml,application/xml;q=0.9,image/avif,image/webp,*/*;q=0.8
2023-11-04 23:41:22.438414 [info]: 读取后状态Accept-Language: zh-CN,zh;q=0.8,zh-TW;q=0.7,zh-HK;q=0.5,en-US;q=0.3,en;q=0.2
2023-11-04 23:41:22.438425 [info]: CHECK HEADER:Accept-Language: zh-CN,zh;q=0.8,zh-TW;q=0.7,zh-HK;q=0.5,en-US;q=0.3,en;q=0.2
2023-11-04 23:41:22.438436 [info]: oop!unknow header: Accept-Language: zh-CN,zh;q=0.8,zh-TW;q=0.7,zh-HK;q=0.5,en-US;q=0.3,en;q=0.2
2023-11-04 23:41:22.438447 [info]: 检查状态:Accept-Language: zh-CN,zh;q=0.8,zh-TW;q=0.7,zh-HK;q=0.5,en-US;q=0.3,en;q=0.2
2023-11-04 23:41:22.438458 [info]: 读取后状态Accept-Encoding: gzip, deflate, br
2023-11-04 23:41:22.438468 [info]: CHECK HEADER:Accept-Encoding: gzip, deflate, br
2023-11-04 23:41:22.438480 [info]: oop!unknow header: Accept-Encoding: gzip, deflate, br
2023-11-04 23:41:22.438495 [info]: 检查状态:Accept-Encoding: gzip, deflate, br
2023-11-04 23:41:22.438505 [info]: 读取后状态Connection: keep-alive
2023-11-04 23:41:22.438516 [info]: CHECK HEADER:Connection: keep-alive
2023-11-04 23:41:22.438527 [info]: 检查状态:Connection: keep-alive
2023-11-04 23:41:22.438538 [info]: 读取后状态Referer: https://console.hsk.oray.com/
2023-11-04 23:41:22.438548 [info]: CHECK HEADER:Referer: https://console.hsk.oray.com/
2023-11-04 23:41:22.438559 [info]: oop!unknow header: Referer: https://console.hsk.oray.com/
2023-11-04 23:41:22.438582 [info]: 检查状态:Referer: https://console.hsk.oray.com/
2023-11-04 23:41:22.438593 [info]: 读取后状态Upgrade-Insecure-Requests: 1
2023-11-04 23:41:22.438604 [info]: CHECK HEADER:Upgrade-Insecure-Requests: 1
2023-11-04 23:41:22.438615 [info]: oop!unknow header: Upgrade-Insecure-Requests: 1
2023-11-04 23:41:22.438626 [info]: 检查状态:Upgrade-Insecure-Requests: 1
2023-11-04 23:41:22.438636 [info]: 读取后状态Sec-Fetch-Dest: document
2023-11-04 23:41:22.438646 [info]: CHECK HEADER:Sec-Fetch-Dest: document
2023-11-04 23:41:22.438657 [info]: oop!unknow header: Sec-Fetch-Dest: document
2023-11-04 23:41:22.438668 [info]: 检查状态:Sec-Fetch-Dest: document
2023-11-04 23:41:22.438678 [info]: 读取后状态Sec-Fetch-Mode: navigate
2023-11-04 23:41:22.438689 [info]: CHECK HEADER:Sec-Fetch-Mode: navigate
2023-11-04 23:41:22.438699 [info]: oop!unknow header: Sec-Fetch-Mode: navigate
2023-11-04 23:41:22.438710 [info]: 检查状态:Sec-Fetch-Mode: navigate
2023-11-04 23:41:22.438721 [info]: 读取后状态Sec-Fetch-Site: cross-site
2023-11-04 23:41:22.438731 [info]: CHECK HEADER:Sec-Fetch-Site: cross-site
2023-11-04 23:41:22.438741 [info]: oop!unknow header: Sec-Fetch-Site: cross-site
2023-11-04 23:41:22.438753 [info]: 检查状态:Sec-Fetch-Site: cross-site
2023-11-04 23:41:22.438763 [info]: 读取后状态Sec-Fetch-User: ?1
2023-11-04 23:41:22.438774 [info]: CHECK HEADER:Sec-Fetch-User: ?1
2023-11-04 23:41:22.438784 [info]: oop!unknow header: Sec-Fetch-User: ?1
2023-11-04 23:41:22.438795 [info]: 检查状态:Sec-Fetch-User: ?1
2023-11-04 23:41:22.438805 [info]: 读取后状态
2023-11-04 23:41:22.438816 [info]: CHECK HEADER:
2023-11-04 23:41:22.438827 [info]: 响应登陆:/login.html
2023-11-04 23:41:22.438843 [info]: 拼接前文件/home/user
2023-11-04 23:41:22.438856 [info]: 拼接后文件/home/user/TinyWebServer/root/login.html
2023-11-04 23:41:22.438871 [info]: 实际访问文件/home/user/TinyWebServer/root/login.html
2023-11-04 23:41:22.438907 [info]: request:HTTP/1.1 200 OK

2023-11-04 23:41:22.438920 [info]: request:HTTP/1.1 200 OK
Content-Length:2403

2023-11-04 23:41:22.438932 [info]: request:HTTP/1.1 200 OK
Content-Length:2403
Connection:keep-alive

2023-11-04 23:41:22.438943 [info]: request:HTTP/1.1 200 OK
Content-Length:2403
Connection:keep-alive


2023-11-04 23:41:22.439074 [info]: send data to the client(192.168.2.220)
2023-11-04 23:41:22.439123 [info]: adjust timer once
2023-11-04 23:41:22.626057 [info]: deal with the client(192.168.2.220)
2023-11-04 23:41:22.626110 [info]: adjust timer once
2023-11-04 23:41:22.626170 [info]: 所有信息:GET /assets/css/style.css HTTP/1.1
Host: 7x42u25400.imdo.co
User-Agent: Mozilla/5.0 (X11; Ubuntu; Linux x86_64; rv:109.0) Gecko/20100101 Firefox/118.0
Accept: text/css,*/*;q=0.1
Accept-Language: zh-CN,zh;q=0.8,zh-TW;q=0.7,zh-HK;q=0.5,en-US;q=0.3,en;q=0.2
Accept-Encoding: gzip, deflate, br
Connection: keep-alive
Referer: https://7x42u25400.imdo.co/
Sec-Fetch-Dest: style
Sec-Fetch-Mode: no-cors
Sec-Fetch-Site: same-origin


2023-11-04 23:41:22.626226 [info]: 检查状态:(null)
2023-11-04 23:41:22.626238 [info]: 读取后状态GET /assets/css/style.css HTTP/1.1
2023-11-04 23:41:22.626247 [info]: CHECK STATE:GET /assets/css/style.css HTTP/1.1
2023-11-04 23:41:22.626257 [info]: 检查状态:GET
2023-11-04 23:41:22.626265 [info]: 读取后状态Host: 7x42u25400.imdo.co
2023-11-04 23:41:22.626272 [info]: CHECK HEADER:Host: 7x42u25400.imdo.co
2023-11-04 23:41:22.626281 [info]: 检查状态:Host: 7x42u25400.imdo.co
2023-11-04 23:41:22.626288 [info]: 读取后状态User-Agent: Mozilla/5.0 (X11; Ubuntu; Linux x86_64; rv:109.0) Gecko/20100101 Firefox/118.0
2023-11-04 23:41:22.626296 [info]: CHECK HEADER:User-Agent: Mozilla/5.0 (X11; Ubuntu; Linux x86_64; rv:109.0) Gecko/20100101 Firefox/118.0
2023-11-04 23:41:22.626304 [info]: oop!unknow header: User-Agent: Mozilla/5.0 (X11; Ubuntu; Linux x86_64; rv:109.0) Gecko/20100101 Firefox/118.0
2023-11-04 23:41:22.626313 [info]: 检查状态:User-Agent: Mozilla/5.0 (X11; Ubuntu; Linux x86_64; rv:109.0) Gecko/20100101 Firefox/118.0
2023-11-04 23:41:22.626332 [info]: 读取后状态Accept: text/css,*/*;q=0.1
2023-11-04 23:41:22.626340 [info]: CHECK HEADER:Accept: text/css,*/*;q=0.1
2023-11-04 23:41:22.626347 [info]: oop!unknow header: Accept: text/css,*/*;q=0.1
2023-11-04 23:41:22.626355 [info]: 检查状态:Accept: text/css,*/*;q=0.1
2023-11-04 23:41:22.626362 [info]: 读取后状态Accept-Language: zh-CN,zh;q=0.8,zh-TW;q=0.7,zh-HK;q=0.5,en-US;q=0.3,en;q=0.2
2023-11-04 23:41:22.626370 [info]: CHECK HEADER:Accept-Language: zh-CN,zh;q=0.8,zh-TW;q=0.7,zh-HK;q=0.5,en-US;q=0.3,en;q=0.2
2023-11-04 23:41:22.626377 [info]: oop!unknow header: Accept-Language: zh-CN,zh;q=0.8,zh-TW;q=0.7,zh-HK;q=0.5,en-US;q=0.3,en;q=0.2
2023-11-04 23:41:22.626385 [info]: 检查状态:Accept-Language: zh-CN,zh;q=0.8,zh-TW;q=0.7,zh-HK;q=0.5,en-US;q=0.3,en;q=0.2
2023-11-04 23:41:22.626392 [info]: 读取后状态Accept-Encoding: gzip, deflate, br
2023-11-04 23:41:22.626399 [info]: CHECK HEADER:Accept-Encoding: gzip, deflate, br
2023-11-04 23:41:22.626406 [info]: oop!unknow header: Accept-Encoding: gzip, deflate, br
2023-11-04 23:41:22.626414 [info]: 检查状态:Accept-Encoding: gzip, deflate, br
2023-11-04 23:41:22.626421 [info]: 读取后状态Connection: keep-alive
2023-11-04 23:41:22.626429 [info]: CHECK HEADER:Connection: keep-alive
2023-11-04 23:41:22.626437 [info]: 检查状态:Connection: keep-alive
2023-11-04 23:41:22.626444 [info]: 读取后状态Referer: https://7x42u25400.imdo.co/
2023-11-04 23:41:22.626451 [info]: CHECK HEADER:Referer: https://7x42u25400.imdo.co/
2023-11-04 23:41:22.626458 [info]: oop!unknow header: Referer: https://7x42u25400.imdo.co/
2023-11-04 23:41:22.626466 [info]: 检查状态:Referer: https://7x42u25400.imdo.co/
2023-11-04 23:41:22.626473 [info]: 读取后状态Sec-Fetch-Dest: style
2023-11-04 23:41:22.626480 [info]: CHECK HEADER:Sec-Fetch-Dest: style
2023-11-04 23:41:22.626487 [info]: oop!unknow header: Sec-Fetch-Dest: style
2023-11-04 23:41:22.626495 [info]: 检查状态:Sec-Fetch-Dest: style
2023-11-04 23:41:22.626502 [info]: 读取后状态Sec-Fetch-Mode: no-cors
2023-11-04 23:41:22.626509 [info]: CHECK HEADER:Sec-Fetch-Mode: no-cors
2023-11-04 23:41:22.626517 [info]: oop!unknow header: Sec-Fetch-Mode: no-cors
2023-11-04 23:41:22.626524 [info]: 检查状态:Sec-Fetch-Mode: no-cors
2023-11-04 23:41:22.626531 [info]: 读取后状态Sec-Fetch-Site: same-origin
2023-11-04 23:41:22.626539 [info]: CHECK HEADER:Sec-Fetch-Site: same-origin
2023-11-04 23:41:22.626546 [info]: oop!unknow header: Sec-Fetch-Site: same-origin
2023-11-04 23:41:22.626553 [info]: 检查状态:Sec-Fetch-Site: same-origin
2023-11-04 23:41:22.626560 [info]: 读取后状态
2023-11-04 23:41:22.626568 [info]: CHECK HEADER:
2023-11-04 23:41:22.626575 [info]: 响应登陆:/assets/css/style.css
2023-11-04 23:41:22.626586 [info]: 拼接前文件/home/user
2023-11-04 23:41:22.626596 [info]: 拼接后文件/home/user/TinyWebServer/root/assets/css/style.css
2023-11-04 23:41:22.626608 [info]: 实际访问文件/home/user/TinyWebServer/root/assets/css/style.css
2023-11-04 23:41:22.626642 [info]: request:HTTP/1.1 200 OK

2023-11-04 23:41:22.626652 [info]: request:HTTP/1.1 200 OK
Content-Length:8585

2023-11-04 23:41:22.626660 [info]: request:HTTP/1.1 200 OK
Content-Length:8585
Connection:keep-alive

2023-11-04 23:41:22.626668 [info]: request:HTTP/1.1 200 OK
Content-Length:8585
Connection:keep-alive


2023-11-04 23:41:22.626743 [info]: send data to the client(192.168.2.220)
2023-11-04 23:41:22.626755 [info]: adjust timer once
2023-11-04 23:41:22.747733 [info]: deal with the client(192.168.2.220)
2023-11-04 23:41:22.747799 [info]: adjust timer once
2023-11-04 23:41:22.747858 [info]: 所有信息:GET /img/login/star.jpg HTTP/1.1
Host: 7x42u25400.imdo.co
User-Agent: Mozilla/5.0 (X11; Ubuntu; Linux x86_64; rv:109.0) Gecko/20100101 Firefox/118.0
Accept: image/avif,image/webp,*/*
Accept-Language: zh-CN,zh;q=0.8,zh-TW;q=0.7,zh-HK;q=0.5,en-US;q=0.3,en;q=0.2
Accept-Encoding: gzip, deflate, br
Connection: keep-alive
Referer: https://7x42u25400.imdo.co/assets/css/style.css
Sec-Fetch-Dest: image
Sec-Fetch-Mode: no-cors
Sec-Fetch-Site: same-origin


2023-11-04 23:41:22.747951 [info]: 检查状态:(null)
2023-11-04 23:41:22.747965 [info]: 读取后状态GET /img/login/star.jpg HTTP/1.1
2023-11-04 23:41:22.747977 [info]: CHECK STATE:GET /img/login/star.jpg HTTP/1.1
2023-11-04 23:41:22.747991 [info]: 检查状态:GET
2023-11-04 23:41:22.748000 [info]: 读取后状态Host: 7x42u25400.imdo.co
2023-11-04 23:41:22.748010 [info]: CHECK HEADER:Host: 7x42u25400.imdo.co
2023-11-04 23:41:22.748021 [info]: 检查状态:Host: 7x42u25400.imdo.co
2023-11-04 23:41:22.748031 [info]: 读取后状态User-Agent: Mozilla/5.0 (X11; Ubuntu; Linux x86_64; rv:109.0) Gecko/20100101 Firefox/118.0
2023-11-04 23:41:22.748041 [info]: CHECK HEADER:User-Agent: Mozilla/5.0 (X11; Ubuntu; Linux x86_64; rv:109.0) Gecko/20100101 Firefox/118.0
2023-11-04 23:41:22.748051 [info]: oop!unknow header: User-Agent: Mozilla/5.0 (X11; Ubuntu; Linux x86_64; rv:109.0) Gecko/20100101 Firefox/118.0
2023-11-04 23:41:22.748062 [info]: 检查状态:User-Agent: Mozilla/5.0 (X11; Ubuntu; Linux x86_64; rv:109.0) Gecko/20100101 Firefox/118.0
2023-11-04 23:41:22.748071 [info]: 读取后状态Accept: image/avif,image/webp,*/*
2023-11-04 23:41:22.748081 [info]: CHECK HEADER:Accept: image/avif,image/webp,*/*
2023-11-04 23:41:22.748090 [info]: oop!unknow header: Accept: image/avif,image/webp,*/*
2023-11-04 23:41:22.748101 [info]: 检查状态:Accept: image/avif,image/webp,*/*
2023-11-04 23:41:22.748111 [info]: 读取后状态Accept-Language: zh-CN,zh;q=0.8,zh-TW;q=0.7,zh-HK;q=0.5,en-US;q=0.3,en;q=0.2
2023-11-04 23:41:22.748120 [info]: CHECK HEADER:Accept-Language: zh-CN,zh;q=0.8,zh-TW;q=0.7,zh-HK;q=0.5,en-US;q=0.3,en;q=0.2
2023-11-04 23:41:22.748130 [info]: oop!unknow header: Accept-Language: zh-CN,zh;q=0.8,zh-TW;q=0.7,zh-HK;q=0.5,en-US;q=0.3,en;q=0.2
2023-11-04 23:41:22.748140 [info]: 检查状态:Accept-Language: zh-CN,zh;q=0.8,zh-TW;q=0.7,zh-HK;q=0.5,en-US;q=0.3,en;q=0.2
2023-11-04 23:41:22.748149 [info]: 读取后状态Accept-Encoding: gzip, deflate, br
2023-11-04 23:41:22.748159 [info]: CHECK HEADER:Accept-Encoding: gzip, deflate, br
2023-11-04 23:41:22.748168 [info]: oop!unknow header: Accept-Encoding: gzip, deflate, br
2023-11-04 23:41:22.748178 [info]: 检查状态:Accept-Encoding: gzip, deflate, br
2023-11-04 23:41:22.748187 [info]: 读取后状态Connection: keep-alive
2023-11-04 23:41:22.748197 [info]: CHECK HEADER:Connection: keep-alive
2023-11-04 23:41:22.748208 [info]: 检查状态:Connection: keep-alive
2023-11-04 23:41:22.748217 [info]: 读取后状态Referer: https://7x42u25400.imdo.co/assets/css/style.css
2023-11-04 23:41:22.748230 [info]: CHECK HEADER:Referer: https://7x42u25400.imdo.co/assets/css/style.css
2023-11-04 23:41:22.748240 [info]: oop!unknow header: Referer: https://7x42u25400.imdo.co/assets/css/style.css
2023-11-04 23:41:22.748250 [info]: 检查状态:Referer: https://7x42u25400.imdo.co/assets/css/style.css
2023-11-04 23:41:22.748259 [info]: 读取后状态Sec-Fetch-Dest: image
2023-11-04 23:41:22.748268 [info]: CHECK HEADER:Sec-Fetch-Dest: image
2023-11-04 23:41:22.748278 [info]: oop!unknow header: Sec-Fetch-Dest: image
2023-11-04 23:41:22.748288 [info]: 检查状态:Sec-Fetch-Dest: image
2023-11-04 23:41:22.748297 [info]: 读取后状态Sec-Fetch-Mode: no-cors
2023-11-04 23:41:22.748307 [info]: CHECK HEADER:Sec-Fetch-Mode: no-cors
2023-11-04 23:41:22.748316 [info]: oop!unknow header: Sec-Fetch-Mode: no-cors
2023-11-04 23:41:22.748326 [info]: 检查状态:Sec-Fetch-Mode: no-cors
2023-11-04 23:41:22.748335 [info]: 读取后状态Sec-Fetch-Site: same-origin
2023-11-04 23:41:22.748345 [info]: CHECK HEADER:Sec-Fetch-Site: same-origin
2023-11-04 23:41:22.748354 [info]: oop!unknow header: Sec-Fetch-Site: same-origin
2023-11-04 23:41:22.748364 [info]: 检查状态:Sec-Fetch-Site: same-origin
2023-11-04 23:41:22.748373 [info]: 读取后状态
2023-11-04 23:41:22.748383 [info]: CHECK HEADER:
2023-11-04 23:41:22.748393 [info]: 响应登陆:/img/login/star.jpg
2023-11-04 23:41:22.748407 [info]: 拼接前文件/home/user
2023-11-04 23:41:22.748425 [info]: 拼接后文件/home/user/TinyWebServer/root/img/login/star.jpg
2023-11-04 23:41:22.748440 [info]: 实际访问文件/home/user/TinyWebServer/root/img/login/star.jpg
2023-11-04 23:41:22.748474 [info]: request:HTTP/1.1 200 OK

2023-11-04 23:41:22.748486 [info]: request:HTTP/1.1 200 OK
Content-Length:6340712

2023-11-04 23:41:22.748497 [info]: request:HTTP/1.1 200 OK
Content-Length:6340712
Connection:keep-alive

2023-11-04 23:41:22.748507 [info]: request:HTTP/1.1 200 OK
Content-Length:6340712
Connection:keep-alive


2023-11-04 23:41:22.749727 [info]: send data to the client(192.168.2.220)
2023-11-04 23:41:22.749758 [info]: adjust timer once
2023-11-04 23:41:22.922696 [info]: deal with the client(192.168.2.220)
2023-11-04 23:41:22.922755 [info]: adjust timer once
2023-11-04 23:41:22.922816 [info]: 所有信息:GET /audio/magic_girl.mp3 HTTP/1.1
Host: 7x42u25400.imdo.co
User-Agent: Mozilla/5.0 (X11; Ubuntu; Linux x86_64; rv:109.0) Gecko/20100101 Firefox/118.0
Accept: audio/webm,audio/ogg,audio/wav,audio/*;q=0.9,application/ogg;q=0.7,video/*;q=0.6,*/*;q=0.5
Accept-Language: zh-CN,zh;q=0.8,zh-TW;q=0.7,zh-HK;q=0.5,en-US;q=0.3,en;q=0.2
Range: bytes=0-
Connection: keep-alive
Referer: https://7x42u25400.imdo.co/
Sec-Fetch-Dest: audio
Sec-Fetch-Mode: no-cors
Sec-Fetch-Site: same-origin
Accept-Encoding: identity


2023-11-04 23:41:22.922868 [info]: 检查状态:(null)
2023-11-04 23:41:22.922882 [info]: 读取后状态GET /audio/magic_girl.mp3 HTTP/1.1
2023-11-04 23:41:22.922892 [info]: CHECK STATE:GET /audio/magic_girl.mp3 HTTP/1.1
2023-11-04 23:41:22.922903 [info]: 检查状态:GET
2023-11-04 23:41:22.922911 [info]: 读取后状态Host: 7x42u25400.imdo.co
2023-11-04 23:41:22.922919 [info]: CHECK HEADER:Host: 7x42u25400.imdo.co
2023-11-04 23:41:22.922928 [info]: 检查状态:Host: 7x42u25400.imdo.co
2023-11-04 23:41:22.922936 [info]: 读取后状态User-Agent: Mozilla/5.0 (X11; Ubuntu; Linux x86_64; rv:109.0) Gecko/20100101 Firefox/118.0
2023-11-04 23:41:22.922944 [info]: CHECK HEADER:User-Agent: Mozilla/5.0 (X11; Ubuntu; Linux x86_64; rv:109.0) Gecko/20100101 Firefox/118.0
2023-11-04 23:41:22.922953 [info]: oop!unknow header: User-Agent: Mozilla/5.0 (X11; Ubuntu; Linux x86_64; rv:109.0) Gecko/20100101 Firefox/118.0
2023-11-04 23:41:22.922962 [info]: 检查状态:User-Agent: Mozilla/5.0 (X11; Ubuntu; Linux x86_64; rv:109.0) Gecko/20100101 Firefox/118.0
2023-11-04 23:41:22.922970 [info]: 读取后状态Accept: audio/webm,audio/ogg,audio/wav,audio/*;q=0.9,application/ogg;q=0.7,video/*;q=0.6,*/*;q=0.5
2023-11-04 23:41:22.922978 [info]: CHECK HEADER:Accept: audio/webm,audio/ogg,audio/wav,audio/*;q=0.9,application/ogg;q=0.7,video/*;q=0.6,*/*;q=0.5
2023-11-04 23:41:22.922986 [info]: oop!unknow header: Accept: audio/webm,audio/ogg,audio/wav,audio/*;q=0.9,application/ogg;q=0.7,video/*;q=0.6,*/*;q=0.5
2023-11-04 23:41:22.922995 [info]: 检查状态:Accept: audio/webm,audio/ogg,audio/wav,audio/*;q=0.9,application/ogg;q=0.7,video/*;q=0.6,*/*;q=0.5
2023-11-04 23:41:22.923003 [info]: 读取后状态Accept-Language: zh-CN,zh;q=0.8,zh-TW;q=0.7,zh-HK;q=0.5,en-US;q=0.3,en;q=0.2
2023-11-04 23:41:22.923014 [info]: CHECK HEADER:Accept-Language: zh-CN,zh;q=0.8,zh-TW;q=0.7,zh-HK;q=0.5,en-US;q=0.3,en;q=0.2
2023-11-04 23:41:22.923022 [info]: oop!unknow header: Accept-Language: zh-CN,zh;q=0.8,zh-TW;q=0.7,zh-HK;q=0.5,en-US;q=0.3,en;q=0.2
2023-11-04 23:41:22.923030 [info]: 检查状态:Accept-Language: zh-CN,zh;q=0.8,zh-TW;q=0.7,zh-HK;q=0.5,en-US;q=0.3,en;q=0.2
2023-11-04 23:41:22.923038 [info]: 读取后状态Range: bytes=0-
2023-11-04 23:41:22.923046 [info]: CHECK HEADER:Range: bytes=0-
2023-11-04 23:41:22.923054 [info]: oop!unknow header: Range: bytes=0-
2023-11-04 23:41:22.923062 [info]: 检查状态:Range: bytes=0-
2023-11-04 23:41:22.923070 [info]: 读取后状态Connection: keep-alive
2023-11-04 23:41:22.923077 [info]: CHECK HEADER:Connection: keep-alive
2023-11-04 23:41:22.923086 [info]: 检查状态:Connection: keep-alive
2023-11-04 23:41:22.923094 [info]: 读取后状态Referer: https://7x42u25400.imdo.co/
2023-11-04 23:41:22.923113 [info]: CHECK HEADER:Referer: https://7x42u25400.imdo.co/
2023-11-04 23:41:22.923122 [info]: oop!unknow header: Referer: https://7x42u25400.imdo.co/
2023-11-04 23:41:22.923130 [info]: 检查状态:Referer: https://7x42u25400.imdo.co/
2023-11-04 23:41:22.923138 [info]: 读取后状态Sec-Fetch-Dest: audio
2023-11-04 23:41:22.923146 [info]: CHECK HEADER:Sec-Fetch-Dest: audio
2023-11-04 23:41:22.923153 [info]: oop!unknow header: Sec-Fetch-Dest: audio
2023-11-04 23:41:22.923162 [info]: 检查状态:Sec-Fetch-Dest: audio
2023-11-04 23:41:22.923169 [info]: 读取后状态Sec-Fetch-Mode: no-cors
2023-11-04 23:41:22.923177 [info]: CHECK HEADER:Sec-Fetch-Mode: no-cors
2023-11-04 23:41:22.923185 [info]: oop!unknow header: Sec-Fetch-Mode: no-cors
2023-11-04 23:41:22.923193 [info]: 检查状态:Sec-Fetch-Mode: no-cors
2023-11-04 23:41:22.923201 [info]: 读取后状态Sec-Fetch-Site: same-origin
2023-11-04 23:41:22.923209 [info]: CHECK HEADER:Sec-Fetch-Site: same-origin
2023-11-04 23:41:22.923216 [info]: oop!unknow header: Sec-Fetch-Site: same-origin
2023-11-04 23:41:22.923224 [info]: 检查状态:Sec-Fetch-Site: same-origin
2023-11-04 23:41:22.923232 [info]: 读取后状态Accept-Encoding: identity
2023-11-04 23:41:22.923240 [info]: CHECK HEADER:Accept-Encoding: identity
2023-11-04 23:41:22.923248 [info]: oop!unknow header: Accept-Encoding: identity
2023-11-04 23:41:22.923255 [info]: 检查状态:Accept-Encoding: identity
2023-11-04 23:41:22.923273 [info]: 读取后状态
2023-11-04 23:41:22.923282 [info]: CHECK HEADER:
2023-11-04 23:41:22.923290 [info]: 响应登陆:/audio/magic_girl.mp3
2023-11-04 23:41:22.923302 [info]: 拼接前文件/home/user
2023-11-04 23:41:22.923311 [info]: 处理MD/home/user
2023-11-04 23:41:22.923321 [info]: 实际访问连接/home/user/data/lxd_data/容器管理/udio/magic_girl.mp3
2023-11-04 23:41:22.928487 [info]: deal with the client(192.168.2.220)
2023-11-04 23:41:22.928504 [info]: adjust timer once
2023-11-04 23:41:22.928555 [info]: 所有信息:GET /img/login/login2.mp4 HTTP/1.1
Host: 7x42u25400.imdo.co
User-Agent: Mozilla/5.0 (X11; Ubuntu; Linux x86_64; rv:109.0) Gecko/20100101 Firefox/118.0
Accept: video/webm,video/ogg,video/*;q=0.9,application/ogg;q=0.7,audio/*;q=0.6,*/*;q=0.5
Accept-Language: zh-CN,zh;q=0.8,zh-TW;q=0.7,zh-HK;q=0.5,en-US;q=0.3,en;q=0.2
Range: bytes=0-
Connection: keep-alive
Referer: https://7x42u25400.imdo.co/
Sec-Fetch-Dest: video
Sec-Fetch-Mode: no-cors
Sec-Fetch-Site: same-origin
Accept-Encoding: identity


2023-11-04 23:41:22.928602 [info]: 检查状态:(null)
2023-11-04 23:41:22.928614 [info]: 读取后状态GET /img/login/login2.mp4 HTTP/1.1
2023-11-04 23:41:22.928623 [info]: CHECK STATE:GET /img/login/login2.mp4 HTTP/1.1
2023-11-04 23:41:22.928633 [info]: 检查状态:GET
2023-11-04 23:41:22.928641 [info]: 读取后状态Host: 7x42u25400.imdo.co
2023-11-04 23:41:22.928650 [info]: CHECK HEADER:Host: 7x42u25400.imdo.co
2023-11-04 23:41:22.928659 [info]: 检查状态:Host: 7x42u25400.imdo.co
2023-11-04 23:41:22.928667 [info]: 读取后状态User-Agent: Mozilla/5.0 (X11; Ubuntu; Linux x86_64; rv:109.0) Gecko/20100101 Firefox/118.0
2023-11-04 23:41:22.928675 [info]: CHECK HEADER:User-Agent: Mozilla/5.0 (X11; Ubuntu; Linux x86_64; rv:109.0) Gecko/20100101 Firefox/118.0
2023-11-04 23:41:22.928684 [info]: oop!unknow header: User-Agent: Mozilla/5.0 (X11; Ubuntu; Linux x86_64; rv:109.0) Gecko/20100101 Firefox/118.0
2023-11-04 23:41:22.928693 [info]: 检查状态:User-Agent: Mozilla/5.0 (X11; Ubuntu; Linux x86_64; rv:109.0) Gecko/20100101 Firefox/118.0
2023-11-04 23:41:22.928701 [info]: 读取后状态Accept: video/webm,video/ogg,video/*;q=0.9,application/ogg;q=0.7,audio/*;q=0.6,*/*;q=0.5
2023-11-04 23:41:22.928708 [info]: CHECK HEADER:Accept: video/webm,video/ogg,video/*;q=0.9,application/ogg;q=0.7,audio/*;q=0.6,*/*;q=0.5
2023-11-04 23:41:22.928717 [info]: oop!unknow header: Accept: video/webm,video/ogg,video/*;q=0.9,application/ogg;q=0.7,audio/*;q=0.6,*/*;q=0.5
2023-11-04 23:41:22.928726 [info]: 检查状态:Accept: video/webm,video/ogg,video/*;q=0.9,application/ogg;q=0.7,audio/*;q=0.6,*/*;q=0.5
2023-11-04 23:41:22.928744 [info]: 读取后状态Accept-Language: zh-CN,zh;q=0.8,zh-TW;q=0.7,zh-HK;q=0.5,en-US;q=0.3,en;q=0.2
2023-11-04 23:41:22.928752 [info]: CHECK HEADER:Accept-Language: zh-CN,zh;q=0.8,zh-TW;q=0.7,zh-HK;q=0.5,en-US;q=0.3,en;q=0.2
2023-11-04 23:41:22.928760 [info]: oop!unknow header: Accept-Language: zh-CN,zh;q=0.8,zh-TW;q=0.7,zh-HK;q=0.5,en-US;q=0.3,en;q=0.2
2023-11-04 23:41:22.928768 [info]: 检查状态:Accept-Language: zh-CN,zh;q=0.8,zh-TW;q=0.7,zh-HK;q=0.5,en-US;q=0.3,en;q=0.2
2023-11-04 23:41:22.928776 [info]: 读取后状态Range: bytes=0-
2023-11-04 23:41:22.928784 [info]: CHECK HEADER:Range: bytes=0-
2023-11-04 23:41:22.928793 [info]: oop!unknow header: Range: bytes=0-
2023-11-04 23:41:22.928801 [info]: 检查状态:Range: bytes=0-
2023-11-04 23:41:22.928809 [info]: 读取后状态Connection: keep-alive
2023-11-04 23:41:22.928816 [info]: CHECK HEADER:Connection: keep-alive
2023-11-04 23:41:22.928825 [info]: 检查状态:Connection: keep-alive
2023-11-04 23:41:22.928833 [info]: 读取后状态Referer: https://7x42u25400.imdo.co/
2023-11-04 23:41:22.928841 [info]: CHECK HEADER:Referer: https://7x42u25400.imdo.co/
2023-11-04 23:41:22.928848 [info]: oop!unknow header: Referer: https://7x42u25400.imdo.co/
2023-11-04 23:41:22.928860 [info]: 检查状态:Referer: https://7x42u25400.imdo.co/
2023-11-04 23:41:22.928868 [info]: 读取后状态Sec-Fetch-Dest: video
2023-11-04 23:41:22.928876 [info]: CHECK HEADER:Sec-Fetch-Dest: video
2023-11-04 23:41:22.928884 [info]: oop!unknow header: Sec-Fetch-Dest: video
2023-11-04 23:41:22.928892 [info]: 检查状态:Sec-Fetch-Dest: video
2023-11-04 23:41:22.928900 [info]: 读取后状态Sec-Fetch-Mode: no-cors
2023-11-04 23:41:22.928907 [info]: CHECK HEADER:Sec-Fetch-Mode: no-cors
2023-11-04 23:41:22.928915 [info]: oop!unknow header: Sec-Fetch-Mode: no-cors
2023-11-04 23:41:22.928923 [info]: 检查状态:Sec-Fetch-Mode: no-cors
2023-11-04 23:41:22.928931 [info]: 读取后状态Sec-Fetch-Site: same-origin
2023-11-04 23:41:22.928939 [info]: CHECK HEADER:Sec-Fetch-Site: same-origin
2023-11-04 23:41:22.928947 [info]: oop!unknow header: Sec-Fetch-Site: same-origin
2023-11-04 23:41:22.928955 [info]: 检查状态:Sec-Fetch-Site: same-origin
2023-11-04 23:41:22.928963 [info]: 读取后状态Accept-Encoding: identity
2023-11-04 23:41:22.928971 [info]: CHECK HEADER:Accept-Encoding: identity
2023-11-04 23:41:22.928978 [info]: oop!unknow header: Accept-Encoding: identity
2023-11-04 23:41:22.928986 [info]: 检查状态:Accept-Encoding: identity
2023-11-04 23:41:22.928994 [info]: 读取后状态
2023-11-04 23:41:22.929002 [info]: CHECK HEADER:
2023-11-04 23:41:22.929010 [info]: 响应登陆:/img/login/login2.mp4
2023-11-04 23:41:22.929022 [info]: 拼接前文件/home/user
2023-11-04 23:41:22.929032 [info]: 拼接后文件/home/user/TinyWebServer/root/img/login/login2.mp4
2023-11-04 23:41:22.929045 [info]: 实际访问文件/home/user/TinyWebServer/root/img/login/login2.mp4
2023-11-04 23:41:22.929073 [info]: request:HTTP/1.1 200 OK

2023-11-04 23:41:22.929083 [info]: request:HTTP/1.1 200 OK
Content-Length:15411687

2023-11-04 23:41:22.929092 [info]: request:HTTP/1.1 200 OK
Content-Length:15411687
Connection:keep-alive

2023-11-04 23:41:22.929100 [info]: request:HTTP/1.1 200 OK
Content-Length:15411687
Connection:keep-alive


2023-11-04 23:41:22.930115 [info]: send data to the client(192.168.2.220)
2023-11-04 23:41:22.930140 [info]: adjust timer once
2023-11-04 23:41:23.304878 [info]: send data to the client(192.168.2.220)
2023-11-04 23:41:23.324240 [info]: adjust timer once
2023-11-04 23:41:23.340988 [info]: deal with the client(192.168.2.220)
2023-11-04 23:41:23.341002 [info]: adjust timer once
2023-11-04 23:41:23.341066 [info]: 所有信息:GET /audio/magic_girl.mp3 HTTP/1.1
Host: 7x42u25400.imdo.co
User-Agent: Mozilla/5.0 (X11; Ubuntu; Linux x86_64; rv:109.0) Gecko/20100101 Firefox/118.0
Accept: audio/webm,audio/ogg,audio/wav,audio/*;q=0.9,application/ogg;q=0.7,video/*;q=0.6,*/*;q=0.5
Accept-Language: zh-CN,zh;q=0.8,zh-TW;q=0.7,zh-HK;q=0.5,en-US;q=0.3,en;q=0.2
Range: bytes=0-
Connection: keep-alive
Referer: https://7x42u25400.imdo.co/
Sec-Fetch-Dest: audio
Sec-Fetch-Mode: no-cors
Sec-Fetch-Site: same-origin
Accept-Encoding: identity


2023-11-04 23:41:23.341129 [info]: 检查状态:(null)
2023-11-04 23:41:23.341142 [info]: 读取后状态GET /audio/magic_girl.mp3 HTTP/1.1
2023-11-04 23:41:23.341152 [info]: CHECK STATE:GET /audio/magic_girl.mp3 HTTP/1.1
2023-11-04 23:41:23.341163 [info]: 检查状态:GET
2023-11-04 23:41:23.341171 [info]: 读取后状态Host: 7x42u25400.imdo.co
2023-11-04 23:41:23.341179 [info]: CHECK HEADER:Host: 7x42u25400.imdo.co
2023-11-04 23:41:23.341189 [info]: 检查状态:Host: 7x42u25400.imdo.co
2023-11-04 23:41:23.341197 [info]: 读取后状态User-Agent: Mozilla/5.0 (X11; Ubuntu; Linux x86_64; rv:109.0) Gecko/20100101 Firefox/118.0
2023-11-04 23:41:23.341205 [info]: CHECK HEADER:User-Agent: Mozilla/5.0 (X11; Ubuntu; Linux x86_64; rv:109.0) Gecko/20100101 Firefox/118.0
2023-11-04 23:41:23.341213 [info]: oop!unknow header: User-Agent: Mozilla/5.0 (X11; Ubuntu; Linux x86_64; rv:109.0) Gecko/20100101 Firefox/118.0
2023-11-04 23:41:23.341223 [info]: 检查状态:User-Agent: Mozilla/5.0 (X11; Ubuntu; Linux x86_64; rv:109.0) Gecko/20100101 Firefox/118.0
2023-11-04 23:41:23.341230 [info]: 读取后状态Accept: audio/webm,audio/ogg,audio/wav,audio/*;q=0.9,application/ogg;q=0.7,video/*;q=0.6,*/*;q=0.5
2023-11-04 23:41:23.341238 [info]: CHECK HEADER:Accept: audio/webm,audio/ogg,audio/wav,audio/*;q=0.9,application/ogg;q=0.7,video/*;q=0.6,*/*;q=0.5
2023-11-04 23:41:23.341247 [info]: oop!unknow header: Accept: audio/webm,audio/ogg,audio/wav,audio/*;q=0.9,application/ogg;q=0.7,video/*;q=0.6,*/*;q=0.5
2023-11-04 23:41:23.341256 [info]: 检查状态:Accept: audio/webm,audio/ogg,audio/wav,audio/*;q=0.9,application/ogg;q=0.7,video/*;q=0.6,*/*;q=0.5
2023-11-04 23:41:23.341264 [info]: 读取后状态Accept-Language: zh-CN,zh;q=0.8,zh-TW;q=0.7,zh-HK;q=0.5,en-US;q=0.3,en;q=0.2
2023-11-04 23:41:23.341276 [info]: CHECK HEADER:Accept-Language: zh-CN,zh;q=0.8,zh-TW;q=0.7,zh-HK;q=0.5,en-US;q=0.3,en;q=0.2
2023-11-04 23:41:23.341284 [info]: oop!unknow header: Accept-Language: zh-CN,zh;q=0.8,zh-TW;q=0.7,zh-HK;q=0.5,en-US;q=0.3,en;q=0.2
2023-11-04 23:41:23.341292 [info]: 检查状态:Accept-Language: zh-CN,zh;q=0.8,zh-TW;q=0.7,zh-HK;q=0.5,en-US;q=0.3,en;q=0.2
2023-11-04 23:41:23.341300 [info]: 读取后状态Range: bytes=0-
2023-11-04 23:41:23.341308 [info]: CHECK HEADER:Range: bytes=0-
2023-11-04 23:41:23.341316 [info]: oop!unknow header: Range: bytes=0-
2023-11-04 23:41:23.341325 [info]: 检查状态:Range: bytes=0-
2023-11-04 23:41:23.341333 [info]: 读取后状态Connection: keep-alive
2023-11-04 23:41:23.341340 [info]: CHECK HEADER:Connection: keep-alive
2023-11-04 23:41:23.341349 [info]: 检查状态:Connection: keep-alive
2023-11-04 23:41:23.341357 [info]: 读取后状态Referer: https://7x42u25400.imdo.co/
2023-11-04 23:41:23.341364 [info]: CHECK HEADER:Referer: https://7x42u25400.imdo.co/
2023-11-04 23:41:23.341372 [info]: oop!unknow header: Referer: https://7x42u25400.imdo.co/
2023-11-04 23:41:23.341381 [info]: 检查状态:Referer: https://7x42u25400.imdo.co/
2023-11-04 23:41:23.341388 [info]: 读取后状态Sec-Fetch-Dest: audio
2023-11-04 23:41:23.341396 [info]: CHECK HEADER:Sec-Fetch-Dest: audio
2023-11-04 23:41:23.341404 [info]: oop!unknow header: Sec-Fetch-Dest: audio
2023-11-04 23:41:23.341412 [info]: 检查状态:Sec-Fetch-Dest: audio
2023-11-04 23:41:23.341420 [info]: 读取后状态Sec-Fetch-Mode: no-cors
2023-11-04 23:41:23.341428 [info]: CHECK HEADER:Sec-Fetch-Mode: no-cors
2023-11-04 23:41:23.341436 [info]: oop!unknow header: Sec-Fetch-Mode: no-cors
2023-11-04 23:41:23.341444 [info]: 检查状态:Sec-Fetch-Mode: no-cors
2023-11-04 23:41:23.341452 [info]: 读取后状态Sec-Fetch-Site: same-origin
2023-11-04 23:41:23.341459 [info]: CHECK HEADER:Sec-Fetch-Site: same-origin
2023-11-04 23:41:23.341468 [info]: oop!unknow header: Sec-Fetch-Site: same-origin
2023-11-04 23:41:23.341480 [info]: 检查状态:Sec-Fetch-Site: same-origin
2023-11-04 23:41:23.341488 [info]: 读取后状态Accept-Encoding: identity
2023-11-04 23:41:23.341496 [info]: CHECK HEADER:Accept-Encoding: identity
2023-11-04 23:41:23.341504 [info]: oop!unknow header: Accept-Encoding: identity
2023-11-04 23:41:23.341512 [info]: 检查状态:Accept-Encoding: identity
2023-11-04 23:41:23.341520 [info]: 读取后状态
2023-11-04 23:41:23.341528 [info]: CHECK HEADER:
2023-11-04 23:41:23.341536 [info]: 响应登陆:/audio/magic_girl.mp3
2023-11-04 23:41:23.341548 [info]: 拼接前文件/home/user
2023-11-04 23:41:23.341557 [info]: 处理MD/home/user
2023-11-04 23:41:23.341567 [info]: 实际访问连接/home/user/data/lxd_data/容器管理/udio/magic_girl.mp3
2023-11-04 23:41:23.373416 [info]: deal with the client(192.168.2.220)
2023-11-04 23:41:23.373460 [info]: adjust timer once
2023-11-04 23:41:23.373514 [info]: 所有信息:GET /img/login/login-back.png HTTP/1.1
Host: 7x42u25400.imdo.co
User-Agent: Mozilla/5.0 (X11; Ubuntu; Linux x86_64; rv:109.0) Gecko/20100101 Firefox/118.0
Accept: image/avif,image/webp,*/*
Accept-Language: zh-CN,zh;q=0.8,zh-TW;q=0.7,zh-HK;q=0.5,en-US;q=0.3,en;q=0.2
Accept-Encoding: gzip, deflate, br
Connection: keep-alive
Referer: https://7x42u25400.imdo.co/assets/css/style.css
Sec-Fetch-Dest: image
Sec-Fetch-Mode: no-cors
Sec-Fetch-Site: same-origin


2023-11-04 23:41:23.373574 [info]: 检查状态:(null)
2023-11-04 23:41:23.373591 [info]: 读取后状态GET /img/login/login-back.png HTTP/1.1
2023-11-04 23:41:23.373603 [info]: CHECK STATE:GET /img/login/login-back.png HTTP/1.1
2023-11-04 23:41:23.373618 [info]: 检查状态:GET
2023-11-04 23:41:23.373629 [info]: 读取后状态Host: 7x42u25400.imdo.co
2023-11-04 23:41:23.373640 [info]: CHECK HEADER:Host: 7x42u25400.imdo.co
2023-11-04 23:41:23.373652 [info]: 检查状态:Host: 7x42u25400.imdo.co
2023-11-04 23:41:23.373663 [info]: 读取后状态User-Agent: Mozilla/5.0 (X11; Ubuntu; Linux x86_64; rv:109.0) Gecko/20100101 Firefox/118.0
2023-11-04 23:41:23.373674 [info]: CHECK HEADER:User-Agent: Mozilla/5.0 (X11; Ubuntu; Linux x86_64; rv:109.0) Gecko/20100101 Firefox/118.0
2023-11-04 23:41:23.373686 [info]: oop!unknow header: User-Agent: Mozilla/5.0 (X11; Ubuntu; Linux x86_64; rv:109.0) Gecko/20100101 Firefox/118.0
2023-11-04 23:41:23.373698 [info]: 检查状态:User-Agent: Mozilla/5.0 (X11; Ubuntu; Linux x86_64; rv:109.0) Gecko/20100101 Firefox/118.0
2023-11-04 23:41:23.373709 [info]: 读取后状态Accept: image/avif,image/webp,*/*
2023-11-04 23:41:23.373720 [info]: CHECK HEADER:Accept: image/avif,image/webp,*/*
2023-11-04 23:41:23.373731 [info]: oop!unknow header: Accept: image/avif,image/webp,*/*
2023-11-04 23:41:23.373742 [info]: 检查状态:Accept: image/avif,image/webp,*/*
2023-11-04 23:41:23.373753 [info]: 读取后状态Accept-Language: zh-CN,zh;q=0.8,zh-TW;q=0.7,zh-HK;q=0.5,en-US;q=0.3,en;q=0.2
2023-11-04 23:41:23.373763 [info]: CHECK HEADER:Accept-Language: zh-CN,zh;q=0.8,zh-TW;q=0.7,zh-HK;q=0.5,en-US;q=0.3,en;q=0.2
2023-11-04 23:41:23.373774 [info]: oop!unknow header: Accept-Language: zh-CN,zh;q=0.8,zh-TW;q=0.7,zh-HK;q=0.5,en-US;q=0.3,en;q=0.2
2023-11-04 23:41:23.373785 [info]: 检查状态:Accept-Language: zh-CN,zh;q=0.8,zh-TW;q=0.7,zh-HK;q=0.5,en-US;q=0.3,en;q=0.2
2023-11-04 23:41:23.373796 [info]: 读取后状态Accept-Encoding: gzip, deflate, br
2023-11-04 23:41:23.373806 [info]: CHECK HEADER:Accept-Encoding: gzip, deflate, br
2023-11-04 23:41:23.373817 [info]: oop!unknow header: Accept-Encoding: gzip, deflate, br
2023-11-04 23:41:23.373828 [info]: 检查状态:Accept-Encoding: gzip, deflate, br
2023-11-04 23:41:23.373839 [info]: 读取后状态Connection: keep-alive
2023-11-04 23:41:23.373849 [info]: CHECK HEADER:Connection: keep-alive
2023-11-04 23:41:23.373861 [info]: 检查状态:Connection: keep-alive
2023-11-04 23:41:23.373872 [info]: 读取后状态Referer: https://7x42u25400.imdo.co/assets/css/style.css
2023-11-04 23:41:23.373893 [info]: CHECK HEADER:Referer: https://7x42u25400.imdo.co/assets/css/style.css
2023-11-04 23:41:23.373916 [info]: oop!unknow header: Referer: https://7x42u25400.imdo.co/assets/css/style.css
2023-11-04 23:41:23.373928 [info]: 检查状态:Referer: https://7x42u25400.imdo.co/assets/css/style.css
2023-11-04 23:41:23.373939 [info]: 读取后状态Sec-Fetch-Dest: image
2023-11-04 23:41:23.373949 [info]: CHECK HEADER:Sec-Fetch-Dest: image
2023-11-04 23:41:23.373960 [info]: oop!unknow header: Sec-Fetch-Dest: image
2023-11-04 23:41:23.373971 [info]: 检查状态:Sec-Fetch-Dest: image
2023-11-04 23:41:23.373981 [info]: 读取后状态Sec-Fetch-Mode: no-cors
2023-11-04 23:41:23.373992 [info]: CHECK HEADER:Sec-Fetch-Mode: no-cors
2023-11-04 23:41:23.374002 [info]: oop!unknow header: Sec-Fetch-Mode: no-cors
2023-11-04 23:41:23.374013 [info]: 检查状态:Sec-Fetch-Mode: no-cors
2023-11-04 23:41:23.374024 [info]: 读取后状态Sec-Fetch-Site: same-origin
2023-11-04 23:41:23.374034 [info]: CHECK HEADER:Sec-Fetch-Site: same-origin
2023-11-04 23:41:23.374045 [info]: oop!unknow header: Sec-Fetch-Site: same-origin
